2.2906477451324463
0.29421520233154297
0.2932143211364746
0.29720520973205566
0.27725815773010254
0.2812478542327881
0.268282413482666
0.2812480926513672
0.38001108169555664
0.2642655372619629
0.3041861057281494
0.2822439670562744
0.289226770401001
0.2782561779022217
0.2812469005584717
0.29918575286865234
0.2732677459716797
0.2842385768890381
0.2952396869659424
0.26625943183898926
0.2902240753173828
0.3610343933105469
0.26129841804504395
0.28820157051086426
0.30515384674072266
0.3031885623931885
0.2533228397369385
0.2842388153076172
0.2672855854034424
0.256314754486084
0.2782561779022217
0.28922533988952637
0.27030420303344727
0.3899850845336914
0.28025054931640625
0.2752361297607422
0.2782552242279053
0.29919910430908203
0.34407877922058105
0.2812480926513672
0.316180944442749
0.2603023052215576
0.2962071895599365
0.2842397689819336
0.3071920871734619
0.29421210289001465
0.4029214382171631
0.3051929473876953
0.35103273391723633
0.28324246406555176
0.2902247905731201
0.26728272438049316
0.28922581672668457
0.2932147979736328
0.32114076614379883
0.30817508697509766
0.3370988368988037
0.31717944145202637
0.29617905616760254
0.37898683547973633
0.2902216911315918
0.28823041915893555
0.3092060089111328
0.29019641876220703
0.2822442054748535
0.3151569366455078
0.270275354385376
0.29122185707092285
0.2732675075531006
0.28025031089782715
0.30019378662109375
0.30019688606262207
0.2892262935638428
0.37898731231689453
0.28024983406066895
0.30219173431396484
0.27227091789245605
0.2822456359863281
0.30019640922546387
0.2842397689819336
